                                                                                             33333333333333333333333333333                                                                                             
                                                                                       33333322222222222222122222222222222333333                                                                                       
                                                                                  333332222222222222222222212222222222222222222233333                                                                                  
                                                                              33332222222222222222222222222122222222222222222222222223333                                                                              
                                                                           33332222222222222222222222222222122222222222222222222222222223333                                                                           
                                                                        33322222222222222222222222222222222122222222222222222222222222222222333                                                                        
                                                                     33322222222222222222222211111111111111111111111111111222222222222222222222333                                                                     
                                                                   332222222222222222221111111111111111111101111111111111111111122222222222222222233                                                                   
                                                                333222222222222222211111000001000000000001010000000000000000000111112222222222222222333                                                                
                                                              3332222222222222211111111101010101110101011101011101010101011101011111111122222222222222333                                                              
                                                            33222222222222221111010100000100000001010000000101000101010101000000000000011112222222222222233                                                            
                                                          332222222222222111111101010101011111011101110101010101011111111111011111111111111111222222222222233                                                          
                                                        3322222222222211110101000000000100010100000000000001000000010000010101010101010000000111122222222222233                                                        
                                                      33222222222222101111010101010101011111010101010101110101010111011101010101010101010101111110122222222222233                                                      
                                                     3322222222222110000010000000000010101010000000100010001010101000001000000000000000000010100000112222222222233                                                     
                                                   33222222222211111010111110101111111010101010101011101010101111111010111010101110101010101011101011111222222222233                                                   
                                                 332222222222111000100000001000101010100000000010000000000010000000100010000000100000101000001010000000111222222222233                                                 
                                                33222222222211111101110101111111010101110101011101011101010101010111011111011101110101111111010111010101111222222222233                                                
                                              332222222222110000000000000001010100000001000001000101000001010000000001010101000000010100010000000000000001011222222222233                                              
                                             33222222222111101110101110101110101010101110111111101111101011001111101110101011101010111110111010101010101110111122222222233                                             
                                            3222222222110000000100010100000100000000000101010101000000010101010101010100000000000000010101000101010101010101010112222222223                                            
                                          33222222222111011101111101011101110101010101110101010111010111110011010111010101011101110111010101111111111111010101011122222222233                                          
                                         3322222222111000001000001000000000100010101010000000000010000010001010000010000000001010000000000000100010000000000000001112222222233                                         
                                        322222222211110101111101111101110111010111011111010111011101011101010101011101010101110111010101010111110101110101011111011112222222223                                        
                                      3322222222110000000101010000010100000000010000000101010000000000010001000000000001000001000000000000000100000000000101010100000112222222233                                      
                                     332222222211101011101010111011101110101010111010111011111010101011101100111111101110101110101010101010111010101110111110101111101112222222233                                     
                                    33222222221101000100000000010001000101010100000000010101010000010100000101010101010100000000010101010101000000010000000000000101000112222222233                                    
                                   3222222221111010101110101011101111101010111010101011101010101010111110101010101011101110101110111111111110101110101011111010111010101111222222223                                   
                                  322222222111000000000101000101000001000000000101010100000000000000010000010000000101000100010000000100000001010000000101010000000000010111222222223                                  
                                 32222222211110101110111011101011101110101010101111111111101010101011101011001010101011101010111010111110111110111011111010101010101011101111222222223                                 
                                3222222221000000010000000100000101000000000001010100000101000101000001000101000100000101000000010000000101010100000101010000000100000001000001222222223                                
                               322222221111101010111010111110101011101010111011101111101010101110101110101010101111101011101011111010111010101110111010101010101010101110111011122222223                               
                              32122222110000000000010000000100000101000101000000000101000000000000000100000100000100000001000000000000010000000101010000000101000001010001010001122222123                              
                             3222122211101010111010111010111011101011111011101010111010101010101010111111101010111110101111101010101011111010111110101010101110101011101010101111122212223                             
                            322222121100010101010000000000010100000001000000010000000000010100010101000101010001010100010101010001010100010000000100000101000000010100010000000101121222223                            
                           32222222111010111010101010101011101110101111101111111010101010111010111111101010101110101110101011101011111010101010111010101110101010111010111010111011122222223                           
                          3222222211000000010000000001010101000000010101010100000000010101000000010101000001010100000100000001000001000000000000000001010100000101000101000000000101122222223                          
                         332222221111101011101011101011111010111110101011101010101010111010101011101010101001101010111111101110101110111010111010101110101110101111111011101011100111122222233                         
                        33222222110000100000000101000001000000010000000100000001010000000000010101000000000101000000010100000000000101000001000001010000000100000001010100000001110101122222233                        
                        32222221110101010101110101110111010101111101110101010101111101010101011101011101010101010101110111010101011101110111011101110111010111010111011111010110010101112222223                        
                       3222222210000000010010000010000010000010000010000000101010000000101010100000001010101000001000000010000000001010100000100000001010000010000000001010001010000000122222223                       
                      322222221101111111011101010101011101110101010111010101111101110101111111011101111101100111111101011101010101110101010101110111010111110111010101110101001101010111122222223                      
                     33222222100010101010010000000000001010000000000000101010001010000000100000100000100000101010101000001000000000100000000000001000001010100000000000100001100010001010122222233                     
                     32222221111010101010111011101010111110101011111110111111101011101011101010111010111010101010101110111010101011101011101010101110101010111010101011101110101111101010112222223                     
                    3222222111000000000000001100000101010100010101010101010101000000010100000101000000000001000000010100000001000001000101010100000000000000010000000000010000010101000001112222223                    
                   322222221110101010101110100110101110101111101010101010101011111110111011101111101111111100101110101110101011101111101011111110101110101011111111101110011010101011111011122222223                   
                  33222222110000010101010000010000000100000101000000000000000001010100000100000000010101010100010000000100010100000001000101010100010000000101010100000011000100000001010101122222233                  
                  32222221111101011111111101011101011101011101110101010101010111010111110101011111010101010101011101011111111111010111010101010111111101010101010101011101010111010111010101112222223                  
                 3222222110000000001000001000100110000000000000100000001010000000000010100000101010000000001000000000101010101000000010000000000010101000000000000000100000001000000000000000112222223                 
                332222221101010101110101110101010011010101010111011111010111010101011101111111010111010101010101011101010101010111011101110101011101011111010101010100110111011101011111010101122222233                
                322222210000010101000000000000010101000101000001010100000001000100000000010101000001000000010000010000000000000100000101000000010000010101010101010111000100010100010101000001012222223                
               32222221101010111110111111101110101101111010101110101110111010111110101011101010101111101010011010111010101011101010111011101110101010101011101111110010111010101011101011101110112222223               
               32222221100010100000101010101000000010100000000010001010100000101010000000100000000010100000100000001010101010000000001000001000000000000000100000001010100000000010000010100000112222223               
              3222222111010111010101010101111101011110010101011111010111010101010101010111010101011101110101010101110111111111010101110101011101011111110111010111110101010101011101010101110111112222223              
             332222211010000010000000000000000000101011100010100000000010000000000000101000001010000000100010001010101010000000101010001000000010101010100000000100000000001000100000000000100010112222233             
             322222211010101110111010111010101110101010101011111010101111111010101010111010101110101011101010101110101010111010111111101110101011101010101110101110101010101110101010111011101110112222223             
            32222221000000000101010001010000010000000101100000010000010101000000000101010001010100000001000101010000000000010000010101000001000000000000000100100100010101010000000101000000000000012222223            
            32222221110101011101011101010101011101010101010101111111010101110111010111010111010101110111110101110101011101110101110101110111110101011101011101010101011111110101010111110101010101012222223            
           3222222110100000001000100000000010100010000000011000001010000000101000000000000000000010000000101000101010101000001010000000101000000000101000000100100000001010000000100010100010100000112222223           
           3222222110111010111110101010111011111011111010100110111011101011111110101010101010111011101011101011111011101010101110101011101010111110101110111010101010111010111010111110101011111110112222223           
          322222210000010000010100000001010000010001000000010100000001000101010100010001010001000001000000010000010101000000000100000000000001010100000101000000000101010001000000010100000101010100012222223          
          322222110101110101110111110101011101111101110101111011010111010101010111110101110101110101110101100101111101010101011101010101110101010111010110110111010111010111110101110101111101010111011222223          
         32222221100000100000000010100000001000001010000000001000000010000000001010000010100000000000000000100000101000001000001000100010001000000010000010001000000010001000001010100010100000000010112222223         
         32222211101011111010101110111110111010111011101110111110101111101010101011111010111010111010101011001011101010111010111011101110101110101110101110101110101110111010101010101010101010101111111222223         
        3322222100000001000100000000010000000000010000010100000010000001010100000001010000010100000001010101000000000001000101010101000000010100000001100100000101010101000000000000000000000100010100012222233        
        3222222101010111110111010101111101010101110111010111111101110111110111110111010101111101110101111100110101010111010111010101111101110101110110010101011101110101010101011101110101010111010101112222223        
        3222221100010000010000010000000100010101000100000101010000100000010001010000000000010101010000010001000000010101000001000001010001010000010101000000000100000000000100010001010001010100000001011222223        
       322222211011101011101110111010111010111110111110101010101111101011111110101011111011101110101011101010101110111010101110111010101010101011100110101010111010111010101110101010111011111110101010112222223       
       322222000000000000101010001000000000001000101010000000000000010000001010000010101000000010000000100010001000000000000010100000000000000000011000001010100000100000101000000000100000100000100000000222223       
      32222221010101010111010111011101010101110111010111010111010111011101110101010101011101011101110111010101011101111101011101110101011101010101010101011111111111010101111101011101010111010101111101012222223      
      32222211010101010100000001000000010100000101000001000100000000001000000000010000010100000001000000000100000001010001010000000000010100010010000101010000010101000100010000010000000001000001010000011222223      
      32222211011101111111010111110111111101111101010111010111011111011101010101110101010111010111110101010101011101010101111101011111110101010101010111110101110101111101111101011101010111011101011101011222223      
     3222222110100000000010001010101010000000101000000010001010101010000100001010000000000010100010101010101000100000000000100000101010100000010000000010100000000000101000001000001010101000100000001010112222223     
     3222221110111010101111101010111010101011101010101111111010101011101011101110101011101111101110101011101011111010101011101010101010101110101010101110101111101011101110111011101011111010111011101011111222223     
     3222221000000000000010000000100000000010100000100000101000000000100001000000001010100010000000000000001000100010101010000010000000000011000000000010001010100000000010001010000000000010101010000000101222223     
    322222210101010101011101011101010101011101010111010111010111010111011111110101111101010111010101010101010111011111111111010111010101010101011101011111010101110101011101110111010101010111010111010101012222223    
    322222110001010000000100010000000101010100000101000001000100000101000000100000000000000000000000000101010000000100010000000101000000011100010000000101000001010100000100000000010101010100000001010000011222223    
    322222110101111101011111011101010111110101011101010111011101010101110101110101011101010111010101110111100101011101010101011101011101010101011101011101110101011101011101010101011111111111011101011101111222223    
   33222221100000100000001010000010100010100000101000000010100000000010100000010000100000101000001010000000101000001000000000101000001011100010101010100000100000001010100000101000001000000010101000000010112222233   
   32222211101011111010111011101011111110101011101010101110101010111010111010101010111011101110111111101011001010111110101011101010111100101011101011101011111110111011111010101010111010101111101011111010111222223   
   32222210100000000010100000100000001010000010100000101000000010100000101010000100100000000000101000000000100000001000000010100000000010001010000010100000001010000000001000000000000000000000100010101000001222223   
   32222210111010101111101011111010101010101110101010111111111111111010101110101010101011111110101010101011001010111010101010101110101110101110101010101110111010101010111110101111111011111011101110101110101222223   
  3222222100000000000101000000010000000000010000000101010101010101010000010100000010000101010100000000000001000101000001010000000101100001010001000000000100000000010100000101010101010101010000010100000100012222223  
  3222221101010101011101010101111111010111110111110111010101010101011101010111110101110101010111010111010110010111111111111101011101010101110101110111011111111111111101011111110101011101011111110101011111011222223  
  3222221100010101010000000000000101000101000101000000000000000000000100000101010000100000000100010100000001000000010101010000000111000101000100000101000101010101010000000101010000000100000101010000000001011222223  
  3222221101011111110101111111011101110101110101110101010101010101011101110101011111110101010101011111010100110101110101011101010101010111010111110101110101010101011101011101010101011101011101010101010111011222223  
  3222221100000101000001010101000000010000010000000001000000000000000101000000010100001101000000000000010101000000000000000100011100010101000001000000010000000000000100000100000000000000000100000001000001011222223  
 322222111010111011101010101011101011111011101010111010101010101010111110101110101011101010111010111100000010000001101010111011001010111010101111101011101010101110111010111010101011111110111010101110101110111222223 
 322222101000000000100000000010100000100000000000101000001010101010101010001000000000001100100000000000000010000000000000000010100010100000000010000010100010101000000010101000001010101010000000001000000010001222223 
 322222101110101011111010101010111011101011111110101110101111111111101011101110101011101010101011000000000010000000000110111101101011101010101110101010111011111110101011101011111010101011111111111010101110101222223 
 322222100010000000100000100000001000100010101010001000101000000000000000100000100010100001000000000000000010000000000000001010000000100000000010000000100000001010000000000000100000000010101010101000101010001222223 
 322222111010101011101010111110111011111010101011101010111011111011111011111010111010111010111000000000000010000000000000110110101011111110101110101110111010111010111111101011111110111010101010101110111010111222223 
 322222101000000000100010101000000000101000000000100000001010101010101000001000100000101000010000000000000010000000000000011010000000101010000000001000000000000000101010100000101000100000000000000010000000001222223 
32222211010101010111010111011101010111011101110111010101110101011101011101111101110101011101010000000000000100000000000001010101110111010111010101011101010101110101010101110111010101110111010111011101010101111222223
32222211000001000001000000010000010100000101010000000101000000010000000100010100000000000100001000000000000100000000000010000001000000000001000101000001010101000000000001010000000000000100000100000101000000011222223
32222211011111010111110101011101011101011111010101110111110101010101011101110111010111010100000100000000000100000000000100000101110101010111110111010111111101110111010101011111010101011111011111010101011101111222223
32222211010100000001010000010000000100000001000001000000010000000000010100000001000100000100000010000000000100000000001000000100000101000000010001000000000100000100010000010100010101010101010101000000010000011222223
32222211010111110111011101111101011101010111011101110101110101110101010111110111110111010000000001000000000100000000010000000001010101110101111101110101011101110101011101010101011111110101110101010101011101011222223
32222211000101000000000101010100000000000001010100000000010001000000000101010000010100000000000000100000000100000000100000000001000000010000000100000000000001000000000000000000000001010000010000000000000000011222223
32222211110101110101011111010101010101010111010111010101110101110101110101011101111101010000000000010000000100000001000000000001110101011101011111011111010101110101111101010111111111010101110101010101110101011222223
32222211000000010100000001000000000101010101000101000101000000000101000000000100010100010000000000001000000100000010000000000001010000000000000101010101010000000101010100000101010101000000000001010101000001011222223
32222211010111010111010111010101011111011101110101110111111111111101110111011101110111000000000000000100000100000100000000000000010101011111011101110101110101011111010111110101010101010101010101110111110101111222223
32222211000100000000000001000101010100000000010000010000010101010100000100000000000001000000000000000010000100001000000000000000000000000100000000010000010100010101000001010000000000000101010100000001010101011222223
32222211011111010101010111010111010111010101111101110101110101010111111111011101010111000000000000000001000100010000000000000000011111111111010101110101111111110101010111011101010101011101011101110111010111011222223
32222211000001000000000001000000000000000000000100010000000000000001010101000001000000000000000000000000100000100000000000000000010101010101010000000000000101010000000000000100000001010000000001000000000001011222223
32222211010111010101010111010101010101010101011101011101010101010111010101010101110101000000000000000000000000000000000000000000010101010101011101010101011101010101010101011101010101110101010101110101010111011222223
32222211000000000000000000000001000001010101000000000000000000000000000000000000000000000000000000000000000000000000000000000000000000000000000000000100000000000000010000000000010000000000000000000000000000011222223
31111110111110111111111111111110111110101010101011111111111011111111101010111111111111111111111111111111000000011111111111111111111111111010111111101011111111101111101110101111101111111110111110101010101111101111113
32222211000001000000000000000000000000000101010100000000000100000000010101000000000000000000000000000000000000000000000000000000000000000101000000010000000000010000000001010000000000000001000001010101010000011222223
32222211011101010101011101010101010101011101010101111111011111010101110101110101111101000000000000000000000000000000000000000000011101011101111101010111010101110101011111010101111111010101011111010101010101011222223
32222211010000000101010000000001010100010000000001010101000001000000000000010001010100000000000000000000100000100000000000000000010000000000010100000001000000000000000100000001010101000000010100000000000000011222223
32222211011101010111111101110101111111010101111101010101110111011111110101111101010111000000000000000001000100010000000000000000011101110101110111010111110111111111111101010111010101111111010101010101010101011222223
32222211000101010100000101000000010100000001010100000000010000010101010000000100000001000000000000000010000100001000000000000000000001010000000001000101010101010101010000010101000000010101000000010101010100011222223
32222211011101111111010101110101110111010101010101010101110111110101011111011111010111000000000000000100000100000100000000000000010101011101010111011101011101010101010101111101010101110101110101111101111111011222223
32222211000101000001000000000101010000010100000000010001010101000000010101000001000001010000000000001000000100000010000000000001000000000101000001010000000000000000000001010100000000000000010101010100000101011222223
32222211011101010111110111010111010111111111010101011101011101010101010101110111010111010000000000010000000100000001000000000001010111011101010111010101011101110101010111010101011101010101110111010111011101011222223
32222211000100000001010101000000000001010101000000000000010000000100000000010000000000010000000000100000000100000000100000000000000100000000000000000000010001000001010101000000010100000000010101000001010100011222223
32222211011101010111011101010101010111010101010111011111010101111101011101110101010101110000000001000000000100000000010000000001010111011111110101110111010101110111110101010101110101111101111101010111110101011222223
32222211000000010000000100000000000000000000000100000100000001010100010100000101010000010100000010000000000100000000001000000101010000010101000001000101000000000101010000000101000001010000010100000000010000011222223
32222211010101110101011101010101111111010101010111010111010101010111010101110101110101110100000100000000000100000000000100000101111111010101111101010101010101111101011101010111011101010101110101010101110101011222223
32222211010101010100000100010101010100000000010001000001010100000001000000000001000000010100001000000000000100000000000010000000000100000001010100000000000101010100000100010000010000000000010000010000000001011222223
32222211010111010101011101110111010111011111110101010111011111010111110101010101010101110101010000000000000100000000000001011101010111010101010111010101110111010101011101110101011101010101110111111101010111011222223
 322222100010100000000010101010000000001010100000000000101010100000100000100000000010101000110000000000000010000000000000011000100000001000000000001000100000100000000000000010101000101010100010101010100010001222223 
 322222111010101010101110101110101011101010111010101011101010101011101011111110101011101010011000000000000010000000000000110010111010111110101011101110101011101011111010101011111110111111111010101011111111101222223 
 322222100000000010101000001000000010000000101010001010000000000000100010101000001010100001100000000000000010000000000000001100000000001000000010000000000000100010101000101000000010000000001000000010101010101222223 
 322222101010101011111010101010101011101010101110101111101011111011111010101110101110101010101011000000000010000000000110111010101010111010101011101011101011101010101110111110101111101010111010111010101010111222223 
 322222100010101010100000000000100000001000001010000010100010101000001000000010000000001100000000100000000010000000000000101001100000000000000000000010000000100000000010101010000000100000000000100000000000001222223 
 322222111011111110111010101010111010111111101011101110101010101110111010101111101011101010101011101100000010000001101110101010101110101011111110111011101011101111101110101011101011101010111110111010101010111222223 
  3222221100000100000000000101010000000001000001000000000000000001000101000101010000001101000100010000000001000000000100000001011000000001010101010000000101010101010000000001010000000000010100000001010100011222223  
  3222221101011111110111110111111101010111110101110101111111110111011101110101011101110101011101111111011101010101010111011101010101010101010101011101010111010101010101010101011111010101110111010111111111011222223  
  3222221100000101010101010000010000000001000001000001010101000000000101000000000100100000000000010101010101000101010101010000000011000100000000000000000001000000000000000000010101000100000000000000000000011222223  
  3222221101011101011101011101011101010111011101010101010101110101011101110111010111110101010101110101110101010111111101011101010100110111011101010101010111010101110101010111010101111101010101111101111111011222223  
  3222222100000000000100000100010100000000010000000100000000010001010000000101000010000000010000000000010001000001010000000001000001000000010100000000010100000001010100000100000001010000000101010100010101012222223  
   32222211101010101110101111111010101010101110101011101010111010111010101110101111101111111110101010111010101011101111101011111110111110101011101010101111101010101111101011101110101110101011101011101010101222223   
   32222210001000000000000010101000000010000010101010000000000000001010001010001000101010101010101000000000100000000010000000001000000100000010100000000010100000001010100000101000000010000000000000100000001222223   
   32222211101010101010101110101011111110101110111111101111111010111110111010110110101010101011101110101010011010101110101110101110111110101010111111101110111011101010111011101110101111111011101011101010111222223   
   33222221100000101000100000000010101000000010101010001010101010000010001000001000000000000000100000101010100000000010001010000000101001000000101010000000001010000000100000000000001010100010000000000000112222233   
    322222110101111111110111111111010111010111010101010101010111010111110101111101010101010101110101010111010111010111010101111111010101010111010101110101011101110111011101010101110101010101110101111101011222223    
    322222110001010101010001010101000001000000000000000000000001000001010000100100010101010001010000000000010100000001000001010100000000001000000000000000000100000100000000000001000000000001000001010100011222223    
    322222210111010101011111010101010111110101011111110101010111110111010101110101011111111101011111010101010111010111111101010111010111010111010101110101011101010111010111110111110101010101110111010111012222223    
     3222221010100000000010100000000000100010001010100000100010101000000001000000000010000000001010100010101000001010101010000000001010000001000010100000101000100000000010100000101010101010000010000000101222223     
     3222221110101010101110101010101011101010101010111010111010101110111010101010101110111011101010111011110010111110101011111010101111101011101011111010111010111110101010101011101011111111111010101011111222223     
     3222222110000010000000000000101000100000000000001000000000000010000100000010101000101010000000001000001000001000000000101000001000000000010000000010101000001000000000000000100000000000100000000010112222223     
      32222211010101110101010101111101111101111101011101111101110111010101010101111101010101110111011101010101011101110101110111110101011111010111010101110111010111010111010101110101010111011101011101011222223      
      32222211000100000000010101010000000101010100000101010101000000001000000000010000000000000100000000000101010101010000000001010000000100000010000000000001000100000100000101000000010100000001010000011222223      
      32222221011101111111111101011101011111010101011111010111110101110101010101110101110101011111010111010101110101011101010111010111011111010111010101010111010111011111010111010101011111011101111101012222223      
       322222000000101010100000001010000000100000000000100000101000100000001000001000100000000010000010000010001000000010100000000000100000000000011010100000101000001010101010000000000010001010101010000222223       
       322222211011101010101010101011101011101010101011101011101011011011111110111111111010101111101011101010111010101111101111101011111111101011101011101011111011101010101110101010101110111010101010112222223       
        3222221101000000000001000001010000000001010000010000000000010101010100000101010100000001000000000101000100000101010101010001010101010001000110000000000101010000000000010100000000000000000000011222223        
        3222222101010111010101111101011101010101110101110101010101110101010101011101010101010111110101010110011101110101011101011101010101011101011101110101011111010101010101011111110101011101010101012222223        
        3322222100000100000101010100000000010100000000010000000110000000000000000000000000000001000000000001000101000000010000010100000000010000000000100101000001000001010101000101010000010100000000012222233        
         32222211101011101011101010101011101110111110111010101100111010111010101010101010101011111011111111001111101011101010101011101010101011101011111011101011101110111111111110101111111010101010111222223         
         32222221100000101010000000001010000000101000000000101010000000100000101000000000100000000010101010100010100010000000000010001010000010100010100110000000101000000010101010000010101000000000112222223         
          322222110101110111010101110111110111110111010101011011010101011101011111010111111101011101010101010111011101110101011101010111111101010101010100110101110111010111010101010111010101011101011222223          
          322222210000000100000001000000000101000000000001010100000001010001010101010101010101000000000000010000000100010101010000000001010100000000000001000000010000000000000000000000000000010000012222223          
           3222222110101111101010111010111010101010101010100110101011111110111010111010101011111110111110101010101110111011111110101011101010101111101010111010111111111010101010111010101010111010112222223           
           3222222110000000100000101000000000000010000010011000001010100010000000001000000000101010101010001000000010001010101000101010100000001010001000000110000010100000000000101000001010100000112222223           
            32222221110101110111010101011101010101110101110101010111011101011101011111010101110101110101110101010111011101010101111111010101110101010111110100110111011101111111010111110101110101012222223            
            32222221000000000000000000010000010101000000100000010100000100010000000001000000010000010000010100010100000000000000010000000001000000000101010001010000000101010101000101010000000101012222223            
             322222211110101011101010101110101111111011111010111110101110101110111011101010111010111010111010101111101111111110111010111110111010101010101010110110101111101010111010101110101011112222223             
             332222211000000010000000101000101000000010000010101000000000000000101000000010100000000000001010000000101010101010000000001010100010101000000000001000000000100000001000000010001000112222233             
              3222222111011101110111011111011101011110110101110101110111110101010111110101110101010101011100110101111101010101110101111101011101111111010101011111110101110101011101110111010111112222223              
               32222221101000000010000000100000000010101000001000001010101000000010101010000000100010100010100000001010000000001000101010000010000010000000100000001010000000000010100000000000112222223               
               32222221101110101011101011111010101001101010111010111110101111111010101110101011101111101110101110111010101010111111101010101111111011101111101111110010101010101111101011111010112222223               
                322222210000000000000000010100010111000000000100010101000001010000000101000001010101000000010100000100000000000101010000000001010100000101010001010111000101000000010001010000012222223                
                332222221101011101010101110101110101011101011101010101010111011101110101111111010101110101010101011101010101011101010101010111010101110101011111010100110111110101110101011101122222233                
                 3222222110001000001010100000001110101000101000000000000000000010100000101010100000100000001000000010001010101000000000101000000000100000001010000010101000000000001000000010112222223                 
                  32222221110111010111111101010101010101011101111101010101010111011101010101011111010101010101010111011101111101010101011101111111011101010101010101011011010111011111110101112222223                  
                  33222222110000010100000100001100000000000101010000000100000001000000000000010100000001010100010100000100000000010101000001010101000001000000000000000100000100000001010001122222233                  
                   322222221110111110111010111010101010101110101110111110101011101010111111101011101010111100101110101111101010101011101011101010111011111010101010111111101011101011101011122222223                   
                    3222222111000100010100001000010101010100000000010100000101000000010101010000010001010101000001000101010000010000000001010000000101010101010100010101001100010000010001112222223                    
                     32222221101111111010101110101111111111101010101011111011111010101010101110111010111010101011101110101111111010101010101010101111101011101111101010101001101010111011112222223                     
                     33222222100000101000110000101000101000000000000010101000001010100000000010000010100000101010001010000010101000101010000000000000100000100010000000000010000000000000122222233                     
                      322222221101110101100101011111010101010101011101010111011111111101010111010101110101010111011101010111010111011111110101010101110101110101110101011101111101010101122222223                      
                       3222222210000000101000000010100000000010001000000000100010101010000000000010101000001000101000000000000000100000100000101010001000001000000010101010000010101000122222223                       
                        32222221110111001101010111011111010111110111011101110111010101011101010101110101110101110101011101010101110101111101111111011101011111010111111101010110011101112222223                        
                        33222222110000110000010100000100000101010101010000000001000000000101010100010001010100010000010100000000010000000001010100000000000101010000010100000001110001122222233                        
                         332222221111101010111110101111101010101010101110101011101010101010101110111010101100111010101011101010111111111010101011101010101110111111101010101010100111122222233                         
                          3222222211000100000001000000010000000000000100000101000000010100000000000100000001000100000000010101010101010100000000010101010000000101010000000100000101122222223                          
                           32222222111011101011101010111111101010101111101011101011101110101010101111111010101111101110111011111010101011111110111110111010101110101110111110101011122222223                           
                            322222121100010000000000000001000000000101010000000001000000010101010101010100010000010101000000000000000000010101000001000000000001000001010100010101121222223                            
                             3222122211101110101011101011111010101010101010101011101010101111111110101010101010111010101010101011111110111010101110101011101011101011101011101111122212223                             
                              32122222110000000101010000000100000100000000000101000001010100000000000000000100000100000001010000010101000000000000000001000000010000010000010001122222123                              
                               322222221110111011101110101110101011101010101011111010111110101110101010101010101110101111111110101010111010111110101010111010111010111110111011122222223                               
                                3222222221010000000000000001000001010001010000000100000001000101000101010101000000000101010000000000010100010101000101010101010000000001000001222222223                                
                                 32222222211110101010101011101010101010111011111111101011101010111010101110101010111010101110111010101011111010111011111010111110101011101111222222223                                 
                                  322222222111000101010101000000000000000001010101000000010000000100000000010000010000000001010000000001010000010100000000000100000000000111222222223                                  
                                   3222222221111011111111101110111010101011101010101010111011101110101010101010111110111011101010101110101010101011111110101111101010101111222222223                                   
                                    33222222221100000001000101010100010001000000000001010001000000010101010100000001010000000000000100000000000001010101000001000001000112222222233                                    
                                     332222222211101011111010111010111010101011101010111011111010101111111100101011101110111111111011101010101110101010111011111010111112222222233                                     
                                      3322222222110000000100000000000000000001000001010001010100010100000001010100010100010101010000000101010100000000000100000100000112222222233                                      
                                        322222222211110111110111010101110101011101011101010101010111110101100111011101010101010111010111111111110101110111010111011112222222223                                        
                                         3322222222111000001010000010100000101010101000000000000000001000101010000000000000000000000000100000000010100000000000001112222222233                                         
                                          33222222222111011101110111011101011101011101011101010101011111010101110101111101010101010101110111010101111101010101011122222222233                                          
                                            3222222222110000000001010000010100000001000100000101000001000001000100000100000101010101010000010000000101000001010112222222223                                            
                                             33222222222111101010101110101110101011101011101011101011111010101011101011101011111111111110111110101110101110111122222222233                                             
                                              332222222222110000000101000001000000010001000000010000000100010001010000010101000000000001010101000101000001011222222222233                                              
                                                33222222222211110101011101110101011101011101110111010111010011010101011101110111110101110101011111010101111222222222233                                                
                                                 332222222222111000000010001000101000001000001010000000100010100000000010001010101000001000000010100000111222222222233                                                 
                                                   33222222222211111011101110101110101011101010101010111110101010111011111010101011101111111010101011111222222222233                                                   
                                                     3322222222222110000000000000101010101000000000101000101000001000000010000000001000001010000000112222222222233                                                     
                                                      33222222222222101111010101111111110101011111011111010101111111010111010111011101011101011110122222222222233                                                      
                                                        3322222222222211110001000001010100000101000000010001010101000000010001010000000000000111122222222222233                                                        
                                                          332222222222222111111101110101010101011101011101010101010101011111110101010101111111222222222222233                                                          
                                                            33222222222222221111000000000001000000000000000100000000010101010100000000011112222222222222233                                                            
                                                              3332222222222222211111111101110101010101010101010101010111010101011111111122222222222222333                                                              
                                                                333222222222222222211111010000000001010001010101010100000000000111112222222222222222333                                                                
                                                                   332222222222222222221111111111111111111101111111111111111111122222222222222222233                                                                   
                                                                     33322222222222222222222211111111111111111111111111111222222222222222222222333                                                                     
                                                                        33322222222222222222222222222222222122222222222222222222222222222222333                                                                        
                                                                           33332222222222222222222222222222122222222222222222222222222223333                                                                           
                                                                              33332222222222222222222222222122222222222222222222222223333                                                                              
                                                                                  333332222222222222222222212222222222222222222233333                                                                                  
                                                                                       33333322222222222222122222222222222333333                                                                                       
                                                                                             33333333333333333333333333333                                                                                             
